%YAML:1.0
T_W_Wleica: !!opencv-matrix
  rows: 4
  cols: 4
  dt: d
  data: [ 0.346571385, 0.937933322, 0.013013751, 0.193490095,
          -0.937948175, 0.346334233, 0.017487708, -0.201941826,
          0.011895197, -0.018266963, 0.999762383, 0.340697481,
          0.000000000, 0.000000000, 0.000000000, 1.000000000 ]