%YAML:1.0
T_W_Wleica: !!opencv-matrix
  rows: 4
  cols: 4
  dt: d
  data: [ -0.745535904, -0.414232071, 0.522099614, -5.218375946,
          -0.512593029, 0.857057189, -0.051974628, 6.271813272,
          -0.425939670, -0.306373574, -0.851299378, 0.848032701,
          0.000000000, 0.000000000, 0.000000000, 1.000000000 ]