%YAML:1.0
T_W_Wleica: !!opencv-matrix
  rows: 4
  cols: 4
  dt: d
  data: [ -0.885618529, 0.454184155, 0.096935933, -1.668655816,
          0.459821081, 0.828266390, 0.320217676, -5.818126947,
          0.065149019, 0.328163893, -0.942371511, 6.535401446,
          0.000000000, 0.000000000, 0.000000000, 1.000000000 ]