%YAML:1.0
T_W_Wleica: !!opencv-matrix
  rows: 4
  cols: 4
  dt: d
  data: [ 0.454071502, -0.890776062, 0.018359681, -0.285473921,
          -0.890958434, -0.453891032, 0.013266487, 0.012605773,
          -0.003484174, -0.022381646, -0.999743428, -0.299123842,
          0.000000000, 0.000000000, 0.000000000, 1.000000000 ]