%YAML:1.0
T_W_Wleica: !!opencv-matrix
  rows: 4
  cols: 4
  dt: d
  data: [ -0.569813062, 0.810966705, 0.132838537, -1.010822275,
          0.820926628, 0.569079508, 0.047201527, -0.288741265,
          -0.037316823, 0.135946739, -0.990013100, 0.199151058,
          0.000000000, 0.000000000, 0.000000000, 1.000000000 ]